4468
4500
4905
4972
5010
5112
5195
5258
5316
5340
5354
5361
5367
5404
5405
5409
5410
5418
5460
5461
5462
5464
5465
5466
5474
5481
5482
5483
5485
5498
5499
5500
5502
5505
5506
5507
5508
5530
5558
5582
5589
5607
5638
5641
5650
5685
5690
5704
5759
5769
5773
5774
5779
5781
5784
5800
5804
5806
5812
5821
5822
5824
5876
5878
5879
5893
5894
5895
5899
5901
5904
5905
5906
5912
5913
5916
5929
5930
5934
5948
5949
5951
5955
5957
5960
5961
5968
5971
5972
5973
5974
5979
5983
6003
6052
6135
6193
6201
6210
6223
6239
6254
6278
6287
6301
6330
6335
6356
6357
6368
6400
6402
6414
6417
6421
6423
6426
6428
6429
6431
6433
6434
6439
6441
6444
6451
6454
6465
6471
6476
6481
6490
6495
6496
6501
6503
6505
6507
6508
6511
6519
6522
6523
6525
6537
6547
6548
6552
6556
6557
6563
6572
6573
6577
6579
6580
6585
6587
6590
6591
6607
6608
6610
6616
6617
6619
6620
6627
6630
6632
6633
6645
6648
6649
6657
6665
6670
6673
6682
6684
6695
6696
6697
6704
6708
6716
6725
6730
6738
6739
6740
6741
6742
6753
6756
6757
6758
6759
6761
6762
6763
6764
6765
6766
6768
6772
6773
6774
6778
6779
6780
6783
6788
6792
6797
6799
6801
6805
6806
6808
6811
6817
6818
6823
6827
6831
6832
6834
6835
6842
6846
6847
6848
6849
6850
6851
6853
6854
6856
6858
6859
6860
6862
6865
6868
6869
6871
6873
6874
6875
6876
6877
6878
6879
6881
6883
6884
6887
6890
6894
6895
6896
6898
6899
6901
6906
6909
6918
6927
6930
6931
6932
6933
6934
6938
6940
6943
6945
6946
6947
6948
6949
6950
6951
6952
6953
6954
6955
6956
6958
6959
6962
6965
6966
6968
6970
6972
6973
6974
6975
