0664
0966
1017
1034
1191
1576
1772
1916
1924
1972
1975
2043
2088
4270
4281
4336
4400
4414
4422
4426
4427
4435
4447
4462
4463
4466
4524
4559
4634
4689
4737
4759
4793
4839
4936
5018
5034
5051
5052
5055
5070
5084
5144
5175
5222
5237
5281
5319
5347
5357
5374
5375
5380
5382
5383
5397
5403
5407
5414
5416
5430
5431
5433
5434
5438
5441
5445
5472
5475
5477
5478
5480
5520
5521
5522
5523
5525
5528
5534
5535
5539
5541
5555
5557
5563
5580
5585
5602
5614
5619
5622
5623
5624
5633
5636
5640
5653
5655
5658
5664
5666
5674
5687
5694
5706
5715
5716
5719
5731
5749
5750
5752
5785
5843
5869
5875
5883
5891
5897
5902
5918
5919
5925
5932
5943
5954
5970
5984
5991
6015
6024
6031
6049
6051
6056
6058
6060
6062
6064
6084
6092
6094
6102
6110
6136
6149
6157
6166
6167
6172
6186
6200
6202
6205
6211
6221
6227
6228
6255
6256
6261
6264
6270
6277
6281
6289
6300
6322
6329
6336
6338
6340
6342
6343
6345
6354
6360
6364
6366
6369
6370
6371
6372
6379
6384
6390
6394
6397
6401
6403
6405
6411
6412
6416
6419
6422
6432
6435
6445
6449
6453
6463
6464
6468
6473
6480
6482
6484
6488
6500
6502
6504
6513
6516
6526
6527
6532
6538
6542
6553
6566
6568
6578
6583
6595
6598
6599
6601
6606
6611
6613
6629
6644
6651
6652
6653
6654
6655
6661
6662
6663
6664
6666
6668
6669
6671
6676
6681
6683
6685
6687
6688
6689
6690
6693
6694
6698
6700
6701
6706
6707
6709
6710
6713
6717
6718
6721
6722
6723
6726
6727
6728
6731
6733
6735
6744
6748
6749
6750
6754
6755
6767
6771
6782
6784
6800
6833
6844
6845
6852
6855
6863
6886
6900
6910
6913
6914
6919
6929
6935
